MTP
version = 1.1.0
potential_name = MTP1m
scaling = 3.311953920000003e+00
species_count = 1
potential_tag = 
radial_basis_type = RBChebyshev
	min_dist = 1.500000000000000e+00
	max_dist = 5.200000000000000e+00
	radial_basis_size = 8
	radial_funcs_count = 2
	radial_coeffs
		0-0
			{2.825872926038013e-01, -6.907873642378596e-01, 4.521383189419159e-01, -4.144811232054805e-01, 2.068156009587162e-01, -1.465566192537990e-01, 4.264845938441873e-02, -2.575172196152664e-02}
			{-4.356573556800653e-01, -4.368441266486579e-01, -6.576414778727775e-01, -2.616797917928828e-01, -1.654827528016458e-01, -2.798618161889520e-01, 1.301955332094326e-02, -1.119131958211399e-01}
alpha_moments_count = 18
alpha_index_basic_count = 11
alpha_index_basic = {{0, 0, 0, 0}, {0, 1, 0, 0}, {0, 0, 1, 0}, {0, 0, 0, 1}, {0, 2, 0, 0}, {0, 1, 1, 0}, {0, 1, 0, 1}, {0, 0, 2, 0}, {0, 0, 1, 1}, {0, 0, 0, 2}, {1, 0, 0, 0}}
alpha_index_times_count = 14
alpha_index_times = {{0, 0, 1, 11}, {1, 1, 1, 12}, {2, 2, 1, 12}, {3, 3, 1, 12}, {4, 4, 1, 13}, {5, 5, 2, 13}, {6, 6, 2, 13}, {7, 7, 1, 13}, {8, 8, 2, 13}, {9, 9, 1, 13}, {0, 10, 1, 14}, {0, 11, 1, 15}, {0, 12, 1, 16}, {0, 15, 1, 17}}
alpha_scalar_moments = 9
alpha_moment_mapping = {0, 10, 11, 12, 13, 14, 15, 16, 17}
species_coeffs = {-1.378145957578088e+01}
moment_coeffs = {9.383710157834929e-01, 9.233946469682625e-02, 4.714650906027435e+00, -3.269173979779914e-02, 4.521010755900775e+00, 3.227220235641998e-02, 1.385624588866475e+01, -6.412471648690298e+00, 1.096846910289207e+01}