MTP
version = 1.1.0
potential_name = MTP1m
scaling = 1.383702673372288e-02
species_count = 1
potential_tag = 
radial_basis_type = RBChebyshev
	min_dist = 1.500000000000000e+00
	max_dist = 1.000000000000000e+01
	radial_basis_size = 8
	radial_funcs_count = 2
	radial_coeffs
		0-0
			{-1.956537750792914e-01, 7.378120536677706e-01, -2.790621477115875e-01, 3.887794365916799e-01, -3.056227768115297e-01, 2.948915827830251e-01, -7.449977391915531e-02, 4.910495638474895e-02}
			{4.428037426335088e-01, 1.660221650526089e-01, 7.613762566224428e-01, 1.880103716039241e-01, 5.683786147533545e-02, 3.905522833567266e-01, -3.258210270900475e-02, 6.705639039472470e-02}
alpha_moments_count = 18
alpha_index_basic_count = 11
alpha_index_basic = {{0, 0, 0, 0}, {0, 1, 0, 0}, {0, 0, 1, 0}, {0, 0, 0, 1}, {0, 2, 0, 0}, {0, 1, 1, 0}, {0, 1, 0, 1}, {0, 0, 2, 0}, {0, 0, 1, 1}, {0, 0, 0, 2}, {1, 0, 0, 0}}
alpha_index_times_count = 14
alpha_index_times = {{0, 0, 1, 11}, {1, 1, 1, 12}, {2, 2, 1, 12}, {3, 3, 1, 12}, {4, 4, 1, 13}, {5, 5, 2, 13}, {6, 6, 2, 13}, {7, 7, 1, 13}, {8, 8, 2, 13}, {9, 9, 1, 13}, {0, 10, 1, 14}, {0, 11, 1, 15}, {0, 12, 1, 16}, {0, 15, 1, 17}}
alpha_scalar_moments = 9
alpha_moment_mapping = {0, 10, 11, 12, 13, 14, 15, 16, 17}
species_coeffs = {-1.262238720586138e+01}
moment_coeffs = {5.578083193535967e+00, 8.300728174444851e-01, 1.538021855241891e+01, -8.424734303483872e-01, 9.106069228603383e-01, 2.719906972463244e-01, 1.705612079453179e+01, -1.541232593418532e+00, 6.559701029395275e+00}