MTP
version = 1.1.0
potential_name = MTP1m
scaling = 6.365740740740744e-01
species_count = 1
potential_tag = 
radial_basis_type = RBChebyshev
	min_dist = 1.500000000000000e+00
	max_dist = 6
	radial_basis_size = 8
	radial_funcs_count = 2
	radial_coeffs
		0-0
			{2.751075370186444e-01, -6.790497880729313e-01, 4.627758889651543e-01, -4.122019985801816e-01, 2.198186794846783e-01, -1.660283199628692e-01, 4.549155600792620e-02, -3.435229256621458e-02}
			{-3.513571745960268e-01, -5.418447077775693e-01, -6.602592663537880e-01, -1.860293199973031e-01, -2.946113533164775e-01, -1.421159826479993e-01, -5.972743319894599e-02, -4.293102264247951e-02}
alpha_moments_count = 18
alpha_index_basic_count = 11
alpha_index_basic = {{0, 0, 0, 0}, {0, 1, 0, 0}, {0, 0, 1, 0}, {0, 0, 0, 1}, {0, 2, 0, 0}, {0, 1, 1, 0}, {0, 1, 0, 1}, {0, 0, 2, 0}, {0, 0, 1, 1}, {0, 0, 0, 2}, {1, 0, 0, 0}}
alpha_index_times_count = 14
alpha_index_times = {{0, 0, 1, 11}, {1, 1, 1, 12}, {2, 2, 1, 12}, {3, 3, 1, 12}, {4, 4, 1, 13}, {5, 5, 2, 13}, {6, 6, 2, 13}, {7, 7, 1, 13}, {8, 8, 2, 13}, {9, 9, 1, 13}, {0, 10, 1, 14}, {0, 11, 1, 15}, {0, 12, 1, 16}, {0, 15, 1, 17}}
alpha_scalar_moments = 9
alpha_moment_mapping = {0, 10, 11, 12, 13, 14, 15, 16, 17}
species_coeffs = {-1.379351414750257e+01}
moment_coeffs = {1.007595419867371e+00, 3.656829369114706e-01, 7.652425377186876e-01, -1.538834950905881e+01, 1.003218927923411e+01, -1.533236980000125e-01, -1.255254577314331e+01, -5.788817378791797e+01, -2.909148758680877e+01}