MTP
version = 1.1.0
potential_name = MTP1m
scaling = 2.155706884676764e-02
species_count = 1
potential_tag = 
radial_basis_type = RBChebyshev
	min_dist = 2.000000000000000e+00
	max_dist = 5.000000000000000e+00
	radial_basis_size = 8
	radial_funcs_count = 2
	radial_coeffs
		0-0
			{3.810894433700920e-01, 6.963698112947363e-01, 5.148428307360822e-01, 2.944761954335938e-01, 1.284593395257978e-01, 3.289435534005361e-02, 1.969560139479591e-02, 9.423056450856539e-03}
			{-7.265105097892798e-01, 5.915934075270571e-01, -6.869006330557063e-02, -3.157298567663550e-01, -1.726716775311603e-02, -6.042408641775022e-02, -1.105849127389048e-01, -4.022192261087355e-02}
alpha_moments_count = 18
alpha_index_basic_count = 11
alpha_index_basic = {{0, 0, 0, 0}, {0, 1, 0, 0}, {0, 0, 1, 0}, {0, 0, 0, 1}, {0, 2, 0, 0}, {0, 1, 1, 0}, {0, 1, 0, 1}, {0, 0, 2, 0}, {0, 0, 1, 1}, {0, 0, 0, 2}, {1, 0, 0, 0}}
alpha_index_times_count = 14
alpha_index_times = {{0, 0, 1, 11}, {1, 1, 1, 12}, {2, 2, 1, 12}, {3, 3, 1, 12}, {4, 4, 1, 13}, {5, 5, 2, 13}, {6, 6, 2, 13}, {7, 7, 1, 13}, {8, 8, 2, 13}, {9, 9, 1, 13}, {0, 10, 1, 14}, {0, 11, 1, 15}, {0, 12, 1, 16}, {0, 15, 1, 17}}
alpha_scalar_moments = 9
alpha_moment_mapping = {0, 10, 11, 12, 13, 14, 15, 16, 17}
species_coeffs = {-1.389637060619995e+01}
moment_coeffs = {4.410122459248207e+00, -1.332977006329857e+00, -3.137083043337115e+03, 3.313471635592828e+02, 6.393413560262493e+03, -2.217622965557220e+01, 2.277816794870499e+04, -5.273148002868110e+04, 2.938739031907111e+03}