MTP
version = 1.1.0
potential_name = MTP1m
scaling = 7.638888888888893e-01
species_count = 1
potential_tag = 
radial_basis_type = RBChebyshev
	min_dist = 2.000000000000000e+00
	max_dist = 5.000000000000000e+00
	radial_basis_size = 8
	radial_funcs_count = 2
	radial_coeffs
		0-0
			{3.459828715849599e-01, 7.063550823638086e-01, 4.747236664891150e-01, 3.215298440369420e-01, 1.881064449970599e-01, 1.062103016562822e-01, 4.444191182320841e-02, 6.304445180586057e-02}
			{5.482571802199898e-01, 2.824481539684661e-01, -2.815308436324122e-01, -4.222520532988558e-01, -5.218268889765451e-01, -2.657634689991713e-01, -3.949524584209586e-02, 1.326170934231836e-01}
alpha_moments_count = 18
alpha_index_basic_count = 11
alpha_index_basic = {{0, 0, 0, 0}, {0, 1, 0, 0}, {0, 0, 1, 0}, {0, 0, 0, 1}, {0, 2, 0, 0}, {0, 1, 1, 0}, {0, 1, 0, 1}, {0, 0, 2, 0}, {0, 0, 1, 1}, {0, 0, 0, 2}, {1, 0, 0, 0}}
alpha_index_times_count = 14
alpha_index_times = {{0, 0, 1, 11}, {1, 1, 1, 12}, {2, 2, 1, 12}, {3, 3, 1, 12}, {4, 4, 1, 13}, {5, 5, 2, 13}, {6, 6, 2, 13}, {7, 7, 1, 13}, {8, 8, 2, 13}, {9, 9, 1, 13}, {0, 10, 1, 14}, {0, 11, 1, 15}, {0, 12, 1, 16}, {0, 15, 1, 17}}
alpha_scalar_moments = 9
alpha_moment_mapping = {0, 10, 11, 12, 13, 14, 15, 16, 17}
species_coeffs = {-1.387705778552613e+01}
moment_coeffs = {1.761330730431609e-01, 7.771677994929972e-02, -3.415139316327571e-01, 1.182034329921222e-01, 1.171131019129339e-01, -1.513331073660357e-02, -5.811863931237295e+00, -4.756337397716634e-02, 6.649165387499375e+00}