MTP
version = 1.1.0
potential_name = MTP1m
scaling = 7.638888888888893e-01
species_count = 1
potential_tag = 
radial_basis_type = RBChebyshev
	min_dist = 2.000000000000000e+00
	max_dist = 5.000000000000000e+00
	radial_basis_size = 8
	radial_funcs_count = 2
	radial_coeffs
		0-0
			{3.459828922237118e-01, 7.063550835035290e-01, 4.747236393651106e-01, 3.215298782603956e-01, 1.881064114372433e-01, 1.062103077686926e-01, 4.444190987238916e-02, 6.304444668497068e-02}
			{5.482571768386351e-01, 2.824481375451359e-01, -2.815308529910343e-01, -4.222520610210942e-01, -5.218268881391879e-01, -2.657634738659257e-01, -3.949524472710260e-02, 1.326170917997590e-01}
alpha_moments_count = 18
alpha_index_basic_count = 11
alpha_index_basic = {{0, 0, 0, 0}, {0, 1, 0, 0}, {0, 0, 1, 0}, {0, 0, 0, 1}, {0, 2, 0, 0}, {0, 1, 1, 0}, {0, 1, 0, 1}, {0, 0, 2, 0}, {0, 0, 1, 1}, {0, 0, 0, 2}, {1, 0, 0, 0}}
alpha_index_times_count = 14
alpha_index_times = {{0, 0, 1, 11}, {1, 1, 1, 12}, {2, 2, 1, 12}, {3, 3, 1, 12}, {4, 4, 1, 13}, {5, 5, 2, 13}, {6, 6, 2, 13}, {7, 7, 1, 13}, {8, 8, 2, 13}, {9, 9, 1, 13}, {0, 10, 1, 14}, {0, 11, 1, 15}, {0, 12, 1, 16}, {0, 15, 1, 17}}
alpha_scalar_moments = 9
alpha_moment_mapping = {0, 10, 11, 12, 13, 14, 15, 16, 17}
species_coeffs = {-1.387705793913121e+01}
moment_coeffs = {1.761315746354321e-01, 7.771679467635860e-02, -3.414969723940592e-01, 1.182036382880847e-01, 1.171131823990136e-01, -1.513312963527942e-02, -5.811909610384082e+00, -4.756045654347534e-02, 6.649197813697056e+00}