MTP
version = 1.1.0
potential_name = MTP1m
scaling = 7.638888888888893e-01
species_count = 1
potential_tag = 
radial_basis_type = RBChebyshev
	min_dist = 2.000000000000000e+00
	max_dist = 5.000000000000000e+00
	radial_basis_size = 8
	radial_funcs_count = 2
	radial_coeffs
		0-0
			{3.459828614004560e-01, 7.063550809627598e-01, 4.747236816521839e-01, 3.215298265597930e-01, 1.881064606871819e-01, 1.062102995814954e-01, 4.444191418548719e-02, 6.304445336706607e-02}
			{5.482571819069559e-01, 2.824481625354413e-01, -2.815308388951993e-01, -4.222520491725444e-01, -5.218268896627722e-01, -2.657634662036257e-01, -3.949524651826147e-02, 1.326170940984659e-01}
alpha_moments_count = 18
alpha_index_basic_count = 11
alpha_index_basic = {{0, 0, 0, 0}, {0, 1, 0, 0}, {0, 0, 1, 0}, {0, 0, 0, 1}, {0, 2, 0, 0}, {0, 1, 1, 0}, {0, 1, 0, 1}, {0, 0, 2, 0}, {0, 0, 1, 1}, {0, 0, 0, 2}, {1, 0, 0, 0}}
alpha_index_times_count = 14
alpha_index_times = {{0, 0, 1, 11}, {1, 1, 1, 12}, {2, 2, 1, 12}, {3, 3, 1, 12}, {4, 4, 1, 13}, {5, 5, 2, 13}, {6, 6, 2, 13}, {7, 7, 1, 13}, {8, 8, 2, 13}, {9, 9, 1, 13}, {0, 10, 1, 14}, {0, 11, 1, 15}, {0, 12, 1, 16}, {0, 15, 1, 17}}
alpha_scalar_moments = 9
alpha_moment_mapping = {0, 10, 11, 12, 13, 14, 15, 16, 17}
species_coeffs = {-1.387705771070084e+01}
moment_coeffs = {1.761337951692903e-01, 7.771677226770271e-02, -3.415221834251457e-01, 1.182033764546562e-01, 1.171130862401647e-01, -1.513339775892615e-02, -5.811841704418157e+00, -4.756507264806395e-02, 6.649149601810927e+00}