MTP
version = 1.1.0
potential_name = MTP1m
scaling = 7.638888888888893e-01
species_count = 1
potential_tag = 
radial_basis_type = RBChebyshev
	min_dist = 2.000000000000000e+00
	max_dist = 5.000000000000000e+00
	radial_basis_size = 8
	radial_funcs_count = 2
	radial_coeffs
		0-0
			{3.459828818655213e-01, 7.063550832020530e-01, 4.747236523893836e-01, 3.215298612637871e-01, 1.881064286378010e-01, 1.062103043460716e-01, 4.444191038760389e-02, 6.304444960002496e-02}
			{5.482571785305020e-01, 2.824481456492777e-01, -2.815308483237794e-01, -4.222520572459873e-01, -5.218268884726402e-01, -2.657634715452181e-01, -3.949524524794609e-02, 1.326170926565787e-01}
alpha_moments_count = 18
alpha_index_basic_count = 11
alpha_index_basic = {{0, 0, 0, 0}, {0, 1, 0, 0}, {0, 0, 1, 0}, {0, 0, 0, 1}, {0, 2, 0, 0}, {0, 1, 1, 0}, {0, 1, 0, 1}, {0, 0, 2, 0}, {0, 0, 1, 1}, {0, 0, 0, 2}, {1, 0, 0, 0}}
alpha_index_times_count = 14
alpha_index_times = {{0, 0, 1, 11}, {1, 1, 1, 12}, {2, 2, 1, 12}, {3, 3, 1, 12}, {4, 4, 1, 13}, {5, 5, 2, 13}, {6, 6, 2, 13}, {7, 7, 1, 13}, {8, 8, 2, 13}, {9, 9, 1, 13}, {0, 10, 1, 14}, {0, 11, 1, 15}, {0, 12, 1, 16}, {0, 15, 1, 17}}
alpha_scalar_moments = 9
alpha_moment_mapping = {0, 10, 11, 12, 13, 14, 15, 16, 17}
species_coeffs = {-1.387705786166007e+01}
moment_coeffs = {1.761323340525363e-01, 7.771678744033564e-02, -3.415055344975503e-01, 1.182035190157640e-01, 1.171131328953849e-01, -1.513322153354289e-02, -5.811886551660614e+00, -4.756182722502256e-02, 6.649181449711643e+00}