MTP
version = 1.1.0
potential_name = MTP1m
scaling = 1.628514627472612e-01
species_count = 1
potential_tag = 
radial_basis_type = RBChebyshev
	min_dist = 2.000000000000000e+00
	max_dist = 5.000000000000000e+00
	radial_basis_size = 8
	radial_funcs_count = 2
	radial_coeffs
		0-0
			{3.767692319528581e-01, 6.875884100208044e-01, 5.145611415787692e-01, 3.077783579807551e-01, 1.484303917462316e-01, 5.233107524621013e-02, 2.935769395759173e-02, 1.159485099808220e-02}
			{-5.753812638569705e-01, 5.869082715712166e-01, -7.601175895653125e-03, -4.393132192502714e-01, -1.975010991750769e-01, -2.311074264040918e-01, -1.833722547900450e-01, -7.333817654767051e-02}
alpha_moments_count = 18
alpha_index_basic_count = 11
alpha_index_basic = {{0, 0, 0, 0}, {0, 1, 0, 0}, {0, 0, 1, 0}, {0, 0, 0, 1}, {0, 2, 0, 0}, {0, 1, 1, 0}, {0, 1, 0, 1}, {0, 0, 2, 0}, {0, 0, 1, 1}, {0, 0, 0, 2}, {1, 0, 0, 0}}
alpha_index_times_count = 14
alpha_index_times = {{0, 0, 1, 11}, {1, 1, 1, 12}, {2, 2, 1, 12}, {3, 3, 1, 12}, {4, 4, 1, 13}, {5, 5, 2, 13}, {6, 6, 2, 13}, {7, 7, 1, 13}, {8, 8, 2, 13}, {9, 9, 1, 13}, {0, 10, 1, 14}, {0, 11, 1, 15}, {0, 12, 1, 16}, {0, 15, 1, 17}}
alpha_scalar_moments = 9
alpha_moment_mapping = {0, 10, 11, 12, 13, 14, 15, 16, 17}
species_coeffs = {-1.389296900603768e+01}
moment_coeffs = {3.889213831070037e-01, -1.878463454874681e-01, -6.777522931059579e+01, 3.575765806169155e+01, 1.540639162449850e+02, -4.776543456638562e-01, 6.967418695630643e+01, -2.186905900742938e+02, -6.524543045874800e+01}