MTP
version = 1.1.0
potential_name = MTP1m
scaling = 3.414639705327994e-02
species_count = 1
potential_tag = 
radial_basis_type = RBChebyshev
	min_dist = 2.000000000000000e+00
	max_dist = 5.000000000000000e+00
	radial_basis_size = 8
	radial_funcs_count = 2
	radial_coeffs
		0-0
			{3.509875117353947e-01, 6.625011963669982e-01, 4.976592025670078e-01, 3.588653275292566e-01, 2.113321948980976e-01, 1.096627715956983e-01, 6.344062385803534e-02, 2.718441806967610e-02}
			{-5.180239556963211e-01, 6.249983720158442e-01, 2.960484944712204e-02, -4.144508110094906e-01, -2.842021214873258e-01, -2.358078803189938e-01, -1.685787454005017e-01, -5.989405618112968e-02}
alpha_moments_count = 18
alpha_index_basic_count = 11
alpha_index_basic = {{0, 0, 0, 0}, {0, 1, 0, 0}, {0, 0, 1, 0}, {0, 0, 0, 1}, {0, 2, 0, 0}, {0, 1, 1, 0}, {0, 1, 0, 1}, {0, 0, 2, 0}, {0, 0, 1, 1}, {0, 0, 0, 2}, {1, 0, 0, 0}}
alpha_index_times_count = 14
alpha_index_times = {{0, 0, 1, 11}, {1, 1, 1, 12}, {2, 2, 1, 12}, {3, 3, 1, 12}, {4, 4, 1, 13}, {5, 5, 2, 13}, {6, 6, 2, 13}, {7, 7, 1, 13}, {8, 8, 2, 13}, {9, 9, 1, 13}, {0, 10, 1, 14}, {0, 11, 1, 15}, {0, 12, 1, 16}, {0, 15, 1, 17}}
alpha_scalar_moments = 9
alpha_moment_mapping = {0, 10, 11, 12, 13, 14, 15, 16, 17}
species_coeffs = {-1.332430831842497e+01}
moment_coeffs = {-8.369755955073556e+01, -9.229405813627671e-01, 3.634536999672817e+03, 8.444338810469924e+02, 5.497126544510970e+02, -1.775670694121185e+01, -6.409950399432470e+04, -2.892330471280879e+04, 3.065607683128343e+04}