MTP
version = 1.1.0
potential_name = MTP1m
scaling = 7.638888888888893e-01
species_count = 1
potential_tag = 
radial_basis_type = RBChebyshev
	min_dist = 2.000000000000000e+00
	max_dist = 5.000000000000000e+00
	radial_basis_size = 8
	radial_funcs_count = 2
	radial_coeffs
		0-0
			{3.459816616083901e-01, 7.063427991294902e-01, 4.747295981452796e-01, 3.215390799488199e-01, 1.881201610497498e-01, 1.062156462514925e-01, 4.444906772152130e-02, 6.304196805131998e-02}
			{5.482822028908864e-01, 2.824409396037496e-01, -2.814906490686165e-01, -4.222428750080762e-01, -5.218213212216202e-01, -2.658051396566291e-01, -3.951275767755525e-02, 1.325767259064300e-01}
alpha_moments_count = 18
alpha_index_basic_count = 11
alpha_index_basic = {{0, 0, 0, 0}, {0, 1, 0, 0}, {0, 0, 1, 0}, {0, 0, 0, 1}, {0, 2, 0, 0}, {0, 1, 1, 0}, {0, 1, 0, 1}, {0, 0, 2, 0}, {0, 0, 1, 1}, {0, 0, 0, 2}, {1, 0, 0, 0}}
alpha_index_times_count = 14
alpha_index_times = {{0, 0, 1, 11}, {1, 1, 1, 12}, {2, 2, 1, 12}, {3, 3, 1, 12}, {4, 4, 1, 13}, {5, 5, 2, 13}, {6, 6, 2, 13}, {7, 7, 1, 13}, {8, 8, 2, 13}, {9, 9, 1, 13}, {0, 10, 1, 14}, {0, 11, 1, 15}, {0, 12, 1, 16}, {0, 15, 1, 17}}
alpha_scalar_moments = 9
alpha_moment_mapping = {0, 10, 11, 12, 13, 14, 15, 16, 17}
species_coeffs = {-1.387706356194038e+01}
moment_coeffs = {1.761308191649618e-01, 7.771633913715233e-02, -3.411081092662663e-01, 1.181276766774930e-01, 1.171198288206247e-01, -1.513016346729442e-02, -5.814821291210120e+00, -4.680686927680896e-02, 6.652663610912302e+00}