MTP
version = 1.1.0
potential_name = MTP1m
scaling = 1.557926371149511e+00
species_count = 1
potential_tag = 
radial_basis_type = RBChebyshev
	min_dist = 1.500000000000000e+00
	max_dist = 5.000000000000000e+00
	radial_basis_size = 8
	radial_funcs_count = 3
	radial_coeffs
		0-0
			{2.614299246843248e-01, -6.983226584555617e-01, 4.519522575593127e-01, -4.077911579878844e-01, 2.231190734888762e-01, -1.435984060079755e-01, 5.003506197803850e-02, -2.322188905610929e-02}
			{6.050707978294960e-01, 5.494958143056757e-01, 2.828504522150752e-01, -2.129621112691272e-01, -1.767815812582050e-01, -3.757177581532030e-01, -1.326343634582433e-01, -1.287594815392227e-01}
			{-5.242105234702795e-01, -8.083933573404246e-03, -1.760861108140871e-01, -5.973556019887605e-01, -3.103018668497570e-01, -3.489389440845566e-01, -3.244478807881597e-01, -1.182619128662883e-01}
alpha_moments_count = 41
alpha_index_basic_count = 25
alpha_index_basic = {{0, 0, 0, 0}, {0, 1, 0, 0}, {0, 0, 1, 0}, {0, 0, 0, 1}, {0, 2, 0, 0}, {0, 1, 1, 0}, {0, 1, 0, 1}, {0, 0, 2, 0}, {0, 0, 1, 1}, {0, 0, 0, 2}, {0, 3, 0, 0}, {0, 2, 1, 0}, {0, 2, 0, 1}, {0, 1, 2, 0}, {0, 1, 1, 1}, {0, 1, 0, 2}, {0, 0, 3, 0}, {0, 0, 2, 1}, {0, 0, 1, 2}, {0, 0, 0, 3}, {1, 0, 0, 0}, {1, 1, 0, 0}, {1, 0, 1, 0}, {1, 0, 0, 1}, {2, 0, 0, 0}}
alpha_index_times_count = 42
alpha_index_times = {{0, 0, 1, 25}, {1, 1, 1, 26}, {2, 2, 1, 26}, {3, 3, 1, 26}, {1, 4, 1, 27}, {2, 5, 1, 27}, {3, 6, 1, 27}, {1, 5, 1, 28}, {2, 7, 1, 28}, {3, 8, 1, 28}, {1, 6, 1, 29}, {2, 8, 1, 29}, {3, 9, 1, 29}, {4, 4, 1, 30}, {5, 5, 2, 30}, {6, 6, 2, 30}, {7, 7, 1, 30}, {8, 8, 2, 30}, {9, 9, 1, 30}, {10, 10, 1, 31}, {11, 11, 3, 31}, {12, 12, 3, 31}, {13, 13, 3, 31}, {14, 14, 6, 31}, {15, 15, 3, 31}, {16, 16, 1, 31}, {17, 17, 3, 31}, {18, 18, 3, 31}, {19, 19, 1, 31}, {0, 20, 1, 32}, {1, 21, 1, 33}, {2, 22, 1, 33}, {3, 23, 1, 33}, {0, 25, 1, 34}, {0, 26, 1, 35}, {0, 30, 1, 36}, {1, 27, 1, 37}, {2, 28, 1, 37}, {3, 29, 1, 37}, {0, 32, 1, 38}, {0, 34, 1, 39}, {0, 35, 1, 40}}
alpha_scalar_moments = 16
alpha_moment_mapping = {0, 20, 24, 25, 26, 30, 31, 32, 33, 34, 35, 36, 37, 38, 39, 40}
species_coeffs = {-1.379985770281995e+01}
moment_coeffs = {5.047443117377642e+00, 2.317233451439506e-01, -3.175584186149075e-02, 3.031357210727854e+00, -1.079736953192297e+01, 2.988373485265181e+01, 9.246618660555598e+00, 6.792340315564555e-01, -3.546420604444129e-01, -4.431256184181421e+00, 4.959621353319414e+00, 4.828599324670690e+01, -1.470658180232606e+01, 6.594434567820867e-01, 9.279469354372372e-01, 1.936716434903600e+01}