MTP
version = 1.1.0
potential_name = MTP1m
scaling = 4.131714043446875e-02
species_count = 1
potential_tag = 
radial_basis_type = RBChebyshev
	min_dist = 1.500000000000000e+00
	max_dist = 6.000000000000000e+00
	radial_basis_size = 8
	radial_funcs_count = 3
	radial_coeffs
		0-0
			{5.611270654883672e-01, 1.982257712699766e-01, 7.007466251844060e-01, -2.365363246134906e-02, 3.674006520733599e-01, -6.503888039484897e-02, 1.124403906490474e-01, -4.880056955231039e-02}
			{-2.653372435434766e-02, 8.404939273356382e-01, -1.403504462937431e-01, 4.876007331126130e-01, -7.725433192683732e-02, 1.698045958303598e-01, -1.204290119620327e-02, 2.159472253112959e-02}
			{3.065023846225431e-01, -4.849535047232493e-01, 4.202291859253589e-02, 7.096563973221449e-01, -1.804381876045358e-01, 3.581584927833931e-01, 3.496658831875520e-02, 5.865279134462673e-02}
alpha_moments_count = 41
alpha_index_basic_count = 25
alpha_index_basic = {{0, 0, 0, 0}, {0, 1, 0, 0}, {0, 0, 1, 0}, {0, 0, 0, 1}, {0, 2, 0, 0}, {0, 1, 1, 0}, {0, 1, 0, 1}, {0, 0, 2, 0}, {0, 0, 1, 1}, {0, 0, 0, 2}, {0, 3, 0, 0}, {0, 2, 1, 0}, {0, 2, 0, 1}, {0, 1, 2, 0}, {0, 1, 1, 1}, {0, 1, 0, 2}, {0, 0, 3, 0}, {0, 0, 2, 1}, {0, 0, 1, 2}, {0, 0, 0, 3}, {1, 0, 0, 0}, {1, 1, 0, 0}, {1, 0, 1, 0}, {1, 0, 0, 1}, {2, 0, 0, 0}}
alpha_index_times_count = 42
alpha_index_times = {{0, 0, 1, 25}, {1, 1, 1, 26}, {2, 2, 1, 26}, {3, 3, 1, 26}, {1, 4, 1, 27}, {2, 5, 1, 27}, {3, 6, 1, 27}, {1, 5, 1, 28}, {2, 7, 1, 28}, {3, 8, 1, 28}, {1, 6, 1, 29}, {2, 8, 1, 29}, {3, 9, 1, 29}, {4, 4, 1, 30}, {5, 5, 2, 30}, {6, 6, 2, 30}, {7, 7, 1, 30}, {8, 8, 2, 30}, {9, 9, 1, 30}, {10, 10, 1, 31}, {11, 11, 3, 31}, {12, 12, 3, 31}, {13, 13, 3, 31}, {14, 14, 6, 31}, {15, 15, 3, 31}, {16, 16, 1, 31}, {17, 17, 3, 31}, {18, 18, 3, 31}, {19, 19, 1, 31}, {0, 20, 1, 32}, {1, 21, 1, 33}, {2, 22, 1, 33}, {3, 23, 1, 33}, {0, 25, 1, 34}, {0, 26, 1, 35}, {0, 30, 1, 36}, {1, 27, 1, 37}, {2, 28, 1, 37}, {3, 29, 1, 37}, {0, 32, 1, 38}, {0, 34, 1, 39}, {0, 35, 1, 40}}
alpha_scalar_moments = 16
alpha_moment_mapping = {0, 20, 24, 25, 26, 30, 31, 32, 33, 34, 35, 36, 37, 38, 39, 40}
species_coeffs = {-1.336513220403840e+01}
moment_coeffs = {5.285257090342753e+00, -3.045615115782206e+01, 5.858783411796310e-01, -1.278137151361992e+02, -8.295515813650631e+01, 8.301835030277687e+01, 2.443206407668249e+01, 3.429163959668692e+02, 1.812229708700688e+02, 3.356844202356109e+02, 2.637210155924224e+02, -2.564883179806425e+02, -2.681966033415086e+02, -9.202880253873610e+02, 1.845734576745704e+02, -6.273700303360162e+02}