MTP
version = 1.1.0
potential_name = MTP1m
scaling = 1.796422403897304e-02
species_count = 1
potential_tag = 
radial_basis_type = RBChebyshev
	min_dist = 1.500000000000000e+00
	max_dist = 1.000000000000000e+01
	radial_basis_size = 8
	radial_funcs_count = 3
	radial_coeffs
		0-0
			{6.918789910180462e-02, 7.530468148824365e-01, 3.914508237563049e-03, 5.038527462571293e-01, 1.009217983340208e-01, 3.570808086199986e-01, 1.554468083191492e-01, 1.113327968184017e-01}
			{5.330530025927394e-01, -1.932058551424414e-02, 7.661075087465405e-01, -8.276542545668455e-02, 3.403145827564180e-01, -6.279901542575346e-02, 4.079404772024792e-02, -1.698511374334790e-02}
			{-6.368122471032611e-02, 5.377164071078521e-01, -5.788253969346961e-02, -1.609540948067114e-01, 1.038567719225563e-01, -7.351097795635582e-01, -2.542351979747470e-01, -2.484773718803908e-01}
alpha_moments_count = 41
alpha_index_basic_count = 25
alpha_index_basic = {{0, 0, 0, 0}, {0, 1, 0, 0}, {0, 0, 1, 0}, {0, 0, 0, 1}, {0, 2, 0, 0}, {0, 1, 1, 0}, {0, 1, 0, 1}, {0, 0, 2, 0}, {0, 0, 1, 1}, {0, 0, 0, 2}, {0, 3, 0, 0}, {0, 2, 1, 0}, {0, 2, 0, 1}, {0, 1, 2, 0}, {0, 1, 1, 1}, {0, 1, 0, 2}, {0, 0, 3, 0}, {0, 0, 2, 1}, {0, 0, 1, 2}, {0, 0, 0, 3}, {1, 0, 0, 0}, {1, 1, 0, 0}, {1, 0, 1, 0}, {1, 0, 0, 1}, {2, 0, 0, 0}}
alpha_index_times_count = 42
alpha_index_times = {{0, 0, 1, 25}, {1, 1, 1, 26}, {2, 2, 1, 26}, {3, 3, 1, 26}, {1, 4, 1, 27}, {2, 5, 1, 27}, {3, 6, 1, 27}, {1, 5, 1, 28}, {2, 7, 1, 28}, {3, 8, 1, 28}, {1, 6, 1, 29}, {2, 8, 1, 29}, {3, 9, 1, 29}, {4, 4, 1, 30}, {5, 5, 2, 30}, {6, 6, 2, 30}, {7, 7, 1, 30}, {8, 8, 2, 30}, {9, 9, 1, 30}, {10, 10, 1, 31}, {11, 11, 3, 31}, {12, 12, 3, 31}, {13, 13, 3, 31}, {14, 14, 6, 31}, {15, 15, 3, 31}, {16, 16, 1, 31}, {17, 17, 3, 31}, {18, 18, 3, 31}, {19, 19, 1, 31}, {0, 20, 1, 32}, {1, 21, 1, 33}, {2, 22, 1, 33}, {3, 23, 1, 33}, {0, 25, 1, 34}, {0, 26, 1, 35}, {0, 30, 1, 36}, {1, 27, 1, 37}, {2, 28, 1, 37}, {3, 29, 1, 37}, {0, 32, 1, 38}, {0, 34, 1, 39}, {0, 35, 1, 40}}
alpha_scalar_moments = 16
alpha_moment_mapping = {0, 20, 24, 25, 26, 30, 31, 32, 33, 34, 35, 36, 37, 38, 39, 40}
species_coeffs = {-1.347383153160202e+01}
moment_coeffs = {-4.574629892179121e-01, 4.107201167472375e-01, -2.500096816453042e-01, -1.496790289466037e+00, -5.062495835789252e+00, 3.007893543129513e+00, -2.382257401732703e+00, 2.247023241905173e-01, 9.472712675675540e-01, 1.556787314629922e+00, 1.439440930005120e+01, -3.391573149357484e+00, -7.478948009957211e-01, -3.995098498380770e-02, -9.107231445886028e-02, -7.533977092370697e+00}