MTP
version = 1.1.0
potential_name = MTP1m
scaling = 1.383702673372287e-02
species_count = 1
potential_tag = 
radial_basis_type = RBChebyshev
	min_dist = 1.500000000000000e+00
	max_dist = 8.000000000000000e+00
	radial_basis_size = 8
	radial_funcs_count = 2
	radial_coeffs
		0-0
			{-2.255564029219335e-02, 6.882243387047671e-01, -1.075219635758599e-01, 5.979678388528507e-01, 5.477048924359169e-02, 3.618495136708221e-01, 9.211075653273031e-02, 1.195521829454115e-01}
			{-3.036547351624276e-01, 5.574142856475393e-01, -3.690350061069396e-01, -4.094672567478840e-01, 1.682799430273566e-01, -4.854355473501970e-01, 1.619942750333224e-02, -1.703074096467369e-01}
alpha_moments_count = 18
alpha_index_basic_count = 11
alpha_index_basic = {{0, 0, 0, 0}, {0, 1, 0, 0}, {0, 0, 1, 0}, {0, 0, 0, 1}, {0, 2, 0, 0}, {0, 1, 1, 0}, {0, 1, 0, 1}, {0, 0, 2, 0}, {0, 0, 1, 1}, {0, 0, 0, 2}, {1, 0, 0, 0}}
alpha_index_times_count = 14
alpha_index_times = {{0, 0, 1, 11}, {1, 1, 1, 12}, {2, 2, 1, 12}, {3, 3, 1, 12}, {4, 4, 1, 13}, {5, 5, 2, 13}, {6, 6, 2, 13}, {7, 7, 1, 13}, {8, 8, 2, 13}, {9, 9, 1, 13}, {0, 10, 1, 14}, {0, 11, 1, 15}, {0, 12, 1, 16}, {0, 15, 1, 17}}
alpha_scalar_moments = 9
alpha_moment_mapping = {0, 10, 11, 12, 13, 14, 15, 16, 17}
species_coeffs = {-1.322652438258921e+01}
moment_coeffs = {-6.668520722644414e+00, -8.659767622342819e-01, 2.957284540785836e+01, 3.588545312204791e+01, 5.760052094974784e+00, -2.987769208002995e-01, -5.454607470152175e+01, -2.401518883167964e+02, 3.236167487541659e+01}