MTP
version = 1.1.0
potential_name = MTP1m
scaling = 2.869245863504774e-02
species_count = 1
potential_tag = 
radial_basis_type = RBChebyshev
	min_dist = 1.500000000000000e+00
	max_dist = 8.000000000000000e+00
	radial_basis_size = 8
	radial_funcs_count = 3
	radial_coeffs
		0-0
			{2.053570081503577e-02, -7.419743854498668e-01, 1.231003774468741e-01, -5.541213651874521e-01, 7.751648019363790e-02, -3.197159463358742e-01, 1.105931090813891e-02, -1.360099475874549e-01}
			{-5.313630431649514e-01, 7.449470529115716e-02, -7.165525263785438e-01, -1.146531421042468e-01, -2.544578435773606e-01, -2.454632804799735e-01, -5.244956694482431e-02, -2.403310531194106e-01}
			{-8.396386578862965e-02, 5.204646085347612e-01, 7.531832048729986e-02, -3.637069234858574e-01, 6.361910995188108e-01, -3.816920703259148e-01, 1.814680622137240e-01, -2.743127506644876e-02}
alpha_moments_count = 41
alpha_index_basic_count = 25
alpha_index_basic = {{0, 0, 0, 0}, {0, 1, 0, 0}, {0, 0, 1, 0}, {0, 0, 0, 1}, {0, 2, 0, 0}, {0, 1, 1, 0}, {0, 1, 0, 1}, {0, 0, 2, 0}, {0, 0, 1, 1}, {0, 0, 0, 2}, {0, 3, 0, 0}, {0, 2, 1, 0}, {0, 2, 0, 1}, {0, 1, 2, 0}, {0, 1, 1, 1}, {0, 1, 0, 2}, {0, 0, 3, 0}, {0, 0, 2, 1}, {0, 0, 1, 2}, {0, 0, 0, 3}, {1, 0, 0, 0}, {1, 1, 0, 0}, {1, 0, 1, 0}, {1, 0, 0, 1}, {2, 0, 0, 0}}
alpha_index_times_count = 42
alpha_index_times = {{0, 0, 1, 25}, {1, 1, 1, 26}, {2, 2, 1, 26}, {3, 3, 1, 26}, {1, 4, 1, 27}, {2, 5, 1, 27}, {3, 6, 1, 27}, {1, 5, 1, 28}, {2, 7, 1, 28}, {3, 8, 1, 28}, {1, 6, 1, 29}, {2, 8, 1, 29}, {3, 9, 1, 29}, {4, 4, 1, 30}, {5, 5, 2, 30}, {6, 6, 2, 30}, {7, 7, 1, 30}, {8, 8, 2, 30}, {9, 9, 1, 30}, {10, 10, 1, 31}, {11, 11, 3, 31}, {12, 12, 3, 31}, {13, 13, 3, 31}, {14, 14, 6, 31}, {15, 15, 3, 31}, {16, 16, 1, 31}, {17, 17, 3, 31}, {18, 18, 3, 31}, {19, 19, 1, 31}, {0, 20, 1, 32}, {1, 21, 1, 33}, {2, 22, 1, 33}, {3, 23, 1, 33}, {0, 25, 1, 34}, {0, 26, 1, 35}, {0, 30, 1, 36}, {1, 27, 1, 37}, {2, 28, 1, 37}, {3, 29, 1, 37}, {0, 32, 1, 38}, {0, 34, 1, 39}, {0, 35, 1, 40}}
alpha_scalar_moments = 16
alpha_moment_mapping = {0, 20, 24, 25, 26, 30, 31, 32, 33, 34, 35, 36, 37, 38, 39, 40}
species_coeffs = {-1.347371090052513e+01}
moment_coeffs = {1.836324761389021e+00, -9.205060210576184e-01, -2.922344352632404e-01, -6.734047787718416e+00, -1.522652453106570e+01, 1.681296891310501e+01, -7.631359295770281e-01, -2.192268846481663e+00, -3.585642753007313e+00, -3.472251100236240e+01, -2.348223627368972e+02, 5.897856386967297e+01, 9.395152793414967e+01, -7.476435577522982e-01, -1.149362202227340e+01, -4.322451106935578e+02}