MTP
version = 1.1.0
potential_name = MTP1m
scaling = 2.218611106740436e+01
species_count = 1
potential_tag = 
radial_basis_type = RBChebyshev
	min_dist = 1.500000000000000e+00
	max_dist = 5.000000000000000e+00
	radial_basis_size = 8
	radial_funcs_count = 3
	radial_coeffs
		0-0
			{-3.710646324040006e-01, 6.794067198358926e-01, -5.155079117755156e-01, 3.231100148084832e-01, -1.620475694578068e-01, 6.326497696246780e-02, -1.729439313708992e-02, 2.844281420951292e-03}
			{-2.960653444277300e-01, 3.143122213098129e-01, 6.813368755031363e-02, -5.199343216897977e-01, 5.462022933717052e-01, -4.482778868690903e-01, 1.863276188226406e-01, -6.761101713111960e-02}
			{-2.023456321697922e-02, -4.687738399947300e-01, -5.851488927181127e-01, 6.969042643621436e-02, -1.562251261553525e-01, -5.158722685145575e-01, 3.021297208356269e-01, -2.253282288686735e-01}
alpha_moments_count = 41
alpha_index_basic_count = 25
alpha_index_basic = {{0, 0, 0, 0}, {0, 1, 0, 0}, {0, 0, 1, 0}, {0, 0, 0, 1}, {0, 2, 0, 0}, {0, 1, 1, 0}, {0, 1, 0, 1}, {0, 0, 2, 0}, {0, 0, 1, 1}, {0, 0, 0, 2}, {0, 3, 0, 0}, {0, 2, 1, 0}, {0, 2, 0, 1}, {0, 1, 2, 0}, {0, 1, 1, 1}, {0, 1, 0, 2}, {0, 0, 3, 0}, {0, 0, 2, 1}, {0, 0, 1, 2}, {0, 0, 0, 3}, {1, 0, 0, 0}, {1, 1, 0, 0}, {1, 0, 1, 0}, {1, 0, 0, 1}, {2, 0, 0, 0}}
alpha_index_times_count = 42
alpha_index_times = {{0, 0, 1, 25}, {1, 1, 1, 26}, {2, 2, 1, 26}, {3, 3, 1, 26}, {1, 4, 1, 27}, {2, 5, 1, 27}, {3, 6, 1, 27}, {1, 5, 1, 28}, {2, 7, 1, 28}, {3, 8, 1, 28}, {1, 6, 1, 29}, {2, 8, 1, 29}, {3, 9, 1, 29}, {4, 4, 1, 30}, {5, 5, 2, 30}, {6, 6, 2, 30}, {7, 7, 1, 30}, {8, 8, 2, 30}, {9, 9, 1, 30}, {10, 10, 1, 31}, {11, 11, 3, 31}, {12, 12, 3, 31}, {13, 13, 3, 31}, {14, 14, 6, 31}, {15, 15, 3, 31}, {16, 16, 1, 31}, {17, 17, 3, 31}, {18, 18, 3, 31}, {19, 19, 1, 31}, {0, 20, 1, 32}, {1, 21, 1, 33}, {2, 22, 1, 33}, {3, 23, 1, 33}, {0, 25, 1, 34}, {0, 26, 1, 35}, {0, 30, 1, 36}, {1, 27, 1, 37}, {2, 28, 1, 37}, {3, 29, 1, 37}, {0, 32, 1, 38}, {0, 34, 1, 39}, {0, 35, 1, 40}}
alpha_scalar_moments = 16
alpha_moment_mapping = {0, 20, 24, 25, 26, 30, 31, 32, 33, 34, 35, 36, 37, 38, 39, 40}
species_coeffs = {-1.384343846385815e+01}
moment_coeffs = {1.380777153773199e+02, -4.072861897100969e-01, 3.526494251409782e-01, 1.111191152575853e+03, -9.360134676358330e-03, 1.131087055976977e+03, -3.967361999181398e-03, -8.112800625584885e+01, -3.066606723050639e+01, 5.604811888087451e+02, 1.565782276554605e-03, -1.432841188077411e+03, 5.219270303749184e-04, -4.985235115222527e+00, 6.368915910734300e+02, 3.703409370818152e-05}