MTP
version = 1.1.0
potential_name = MTP1m
scaling = 1.776561411788302e-01
species_count = 1
potential_tag = 
radial_basis_type = RBChebyshev
	min_dist = 1.500000000000000e+00
	max_dist = 5.200000000000000e+00
	radial_basis_size = 8
	radial_funcs_count = 2
	radial_coeffs
		0-0
			{5.141833916825030e-02, -8.302967240550951e-01, 2.016054786794576e-01, -4.465234063356001e-01, 1.455101892047605e-01, -2.037350785032395e-01, 4.617388591972824e-02, -5.587805531137108e-02}
			{-9.394221406300349e-01, -4.927178697349192e-02, -2.890350228373788e-01, -8.085833068916889e-02, 8.314650282223612e-02, -4.225298018682365e-02, 4.928874806225252e-02, -1.176901945036129e-01}
alpha_moments_count = 18
alpha_index_basic_count = 11
alpha_index_basic = {{0, 0, 0, 0}, {0, 1, 0, 0}, {0, 0, 1, 0}, {0, 0, 0, 1}, {0, 2, 0, 0}, {0, 1, 1, 0}, {0, 1, 0, 1}, {0, 0, 2, 0}, {0, 0, 1, 1}, {0, 0, 0, 2}, {1, 0, 0, 0}}
alpha_index_times_count = 14
alpha_index_times = {{0, 0, 1, 11}, {1, 1, 1, 12}, {2, 2, 1, 12}, {3, 3, 1, 12}, {4, 4, 1, 13}, {5, 5, 2, 13}, {6, 6, 2, 13}, {7, 7, 1, 13}, {8, 8, 2, 13}, {9, 9, 1, 13}, {0, 10, 1, 14}, {0, 11, 1, 15}, {0, 12, 1, 16}, {0, 15, 1, 17}}
alpha_scalar_moments = 9
alpha_moment_mapping = {0, 10, 11, 12, 13, 14, 15, 16, 17}
species_coeffs = {-1.377191140601959e+01}
moment_coeffs = {3.384181948740755e+00, -2.715085763518514e-01, -1.288215751881832e+01, -9.054514280436862e+00, 4.487831790310745e+01, 2.512493727115717e-01, -8.586824196175833e+00, -8.034568049244764e+01, -1.115102475851131e+01}