MTP
version = 1.1.0
potential_name = MTP1m
scaling = 6.867667648512000e+00
species_count = 1
potential_tag = 
radial_basis_type = RBChebyshev
	min_dist = 1.500000000000000e+00
	max_dist = 5.200000000000000e+00
	radial_basis_size = 8
	radial_funcs_count = 2
	radial_coeffs
		0-0
			{-3.366439823653658e-01, 6.822436564140301e-01, -4.970596645380654e-01, 3.610042122007923e-01, -1.849484142462190e-01, 9.381542998168442e-02, -2.693679490438815e-02, 9.446085328480867e-03}
			{-4.327097636566354e-01, -5.634089059578372e-01, -5.629305580922863e-01, -2.371166717233508e-01, -3.021342174368616e-01, -1.301000749101819e-01, -6.537813860644377e-02, -9.865150396672233e-02}
alpha_moments_count = 18
alpha_index_basic_count = 11
alpha_index_basic = {{0, 0, 0, 0}, {0, 1, 0, 0}, {0, 0, 1, 0}, {0, 0, 0, 1}, {0, 2, 0, 0}, {0, 1, 1, 0}, {0, 1, 0, 1}, {0, 0, 2, 0}, {0, 0, 1, 1}, {0, 0, 0, 2}, {1, 0, 0, 0}}
alpha_index_times_count = 14
alpha_index_times = {{0, 0, 1, 11}, {1, 1, 1, 12}, {2, 2, 1, 12}, {3, 3, 1, 12}, {4, 4, 1, 13}, {5, 5, 2, 13}, {6, 6, 2, 13}, {7, 7, 1, 13}, {8, 8, 2, 13}, {9, 9, 1, 13}, {0, 10, 1, 14}, {0, 11, 1, 15}, {0, 12, 1, 16}, {0, 15, 1, 17}}
alpha_scalar_moments = 9
alpha_moment_mapping = {0, 10, 11, 12, 13, 14, 15, 16, 17}
species_coeffs = {-1.380470671906943e+01}
moment_coeffs = {-2.536595621769962e+00, -5.754975341973721e-02, 4.329281946223968e-01, 2.451459374900125e+01, 1.219437943387112e+01, -3.731382529198507e-03, -1.071593749691672e+01, -1.458621095869831e+02, 9.219977638728277e+00}