MTP
version = 1.1.0
potential_name = MTP1m
scaling = 3.941498880000001e+00
species_count = 1
potential_tag = 
radial_basis_type = RBChebyshev
	min_dist = 1.500000000000000e+00
	max_dist = 5.000000000000000e+00
	radial_basis_size = 8
	radial_funcs_count = 3
	radial_coeffs
		0-0
			{-2.717290507587581e-01, 7.387289069850745e-01, -4.433808976706860e-01, 3.714146697407382e-01, -1.951541886437767e-01, 7.995149657274575e-02, -3.781479596439927e-02, 2.981563930800329e-04}
			{-6.940943101360110e-01, -4.121307308612511e-01, -4.228622412556401e-01, -1.157191073638706e-02, 3.320975131796121e-01, 7.634965288564492e-02, 2.286765117187377e-01, 3.199983673491374e-02}
			{1.232809863115834e-01, -4.585593754029491e-01, -4.298010294194013e-01, 6.608743762388281e-02, -6.897380403127057e-01, 1.417785011661184e-01, -2.957654243454439e-01, 4.595354890396754e-02}
alpha_moments_count = 41
alpha_index_basic_count = 25
alpha_index_basic = {{0, 0, 0, 0}, {0, 1, 0, 0}, {0, 0, 1, 0}, {0, 0, 0, 1}, {0, 2, 0, 0}, {0, 1, 1, 0}, {0, 1, 0, 1}, {0, 0, 2, 0}, {0, 0, 1, 1}, {0, 0, 0, 2}, {0, 3, 0, 0}, {0, 2, 1, 0}, {0, 2, 0, 1}, {0, 1, 2, 0}, {0, 1, 1, 1}, {0, 1, 0, 2}, {0, 0, 3, 0}, {0, 0, 2, 1}, {0, 0, 1, 2}, {0, 0, 0, 3}, {1, 0, 0, 0}, {1, 1, 0, 0}, {1, 0, 1, 0}, {1, 0, 0, 1}, {2, 0, 0, 0}}
alpha_index_times_count = 42
alpha_index_times = {{0, 0, 1, 25}, {1, 1, 1, 26}, {2, 2, 1, 26}, {3, 3, 1, 26}, {1, 4, 1, 27}, {2, 5, 1, 27}, {3, 6, 1, 27}, {1, 5, 1, 28}, {2, 7, 1, 28}, {3, 8, 1, 28}, {1, 6, 1, 29}, {2, 8, 1, 29}, {3, 9, 1, 29}, {4, 4, 1, 30}, {5, 5, 2, 30}, {6, 6, 2, 30}, {7, 7, 1, 30}, {8, 8, 2, 30}, {9, 9, 1, 30}, {10, 10, 1, 31}, {11, 11, 3, 31}, {12, 12, 3, 31}, {13, 13, 3, 31}, {14, 14, 6, 31}, {15, 15, 3, 31}, {16, 16, 1, 31}, {17, 17, 3, 31}, {18, 18, 3, 31}, {19, 19, 1, 31}, {0, 20, 1, 32}, {1, 21, 1, 33}, {2, 22, 1, 33}, {3, 23, 1, 33}, {0, 25, 1, 34}, {0, 26, 1, 35}, {0, 30, 1, 36}, {1, 27, 1, 37}, {2, 28, 1, 37}, {3, 29, 1, 37}, {0, 32, 1, 38}, {0, 34, 1, 39}, {0, 35, 1, 40}}
alpha_scalar_moments = 16
alpha_moment_mapping = {0, 20, 24, 25, 26, 30, 31, 32, 33, 34, 35, 36, 37, 38, 39, 40}
species_coeffs = {-1.384760616867088e+01}
moment_coeffs = {-1.393595339513643e+00, -1.228340188946359e-01, 7.338118614433989e-02, 3.057222066258611e+00, -4.939163210823202e+00, 4.105791429860579e+00, 6.363124621246540e-01, 5.159785530415254e-01, 5.613817371994911e-02, -6.647530226045841e-01, 1.247222894539577e+01, -3.771982844578056e+00, 1.372873022852026e+00, -2.788523148749461e-01, -2.809292699004922e-01, -9.393351870941775e+00}