MTP
version = 1.1.0
potential_name = MTP1m
scaling = 1.372267114088219e-02
species_count = 1
potential_tag = 
radial_basis_type = RBChebyshev
	min_dist = 2.000000000000000e+00
	max_dist = 5.000000000000000e+00
	radial_basis_size = 8
	radial_funcs_count = 2
	radial_coeffs
		0-0
			{-2.772590076168907e-01, -8.239620889493846e-01, -4.190453074379208e-01, -2.219680858964575e-01, -1.677851667241891e-02, 1.028220779242859e-01, 9.023875058675838e-02, 1.865975855499956e-02}
			{-5.903116365817187e-01, 8.698061568457756e-02, -2.178146667888714e-01, 5.574847777190008e-01, -2.658776188206436e-01, -3.378248433657978e-01, -3.087198679401140e-01, -7.489690987464857e-02}
alpha_moments_count = 18
alpha_index_basic_count = 11
alpha_index_basic = {{0, 0, 0, 0}, {0, 1, 0, 0}, {0, 0, 1, 0}, {0, 0, 0, 1}, {0, 2, 0, 0}, {0, 1, 1, 0}, {0, 1, 0, 1}, {0, 0, 2, 0}, {0, 0, 1, 1}, {0, 0, 0, 2}, {1, 0, 0, 0}}
alpha_index_times_count = 14
alpha_index_times = {{0, 0, 1, 11}, {1, 1, 1, 12}, {2, 2, 1, 12}, {3, 3, 1, 12}, {4, 4, 1, 13}, {5, 5, 2, 13}, {6, 6, 2, 13}, {7, 7, 1, 13}, {8, 8, 2, 13}, {9, 9, 1, 13}, {0, 10, 1, 14}, {0, 11, 1, 15}, {0, 12, 1, 16}, {0, 15, 1, 17}}
alpha_scalar_moments = 9
alpha_moment_mapping = {0, 10, 11, 12, 13, 14, 15, 16, 17}
species_coeffs = {-1.361045139272445e+01}
moment_coeffs = {2.364614041145711e+01, 1.634838524429729e+00, -6.517404722698578e+01, -3.963002311918217e+00, 6.603917635656276e+00, -2.899759008596988e+00, 9.622142109785324e+00, -2.782411500739228e+01, 1.392501394886033e+01}