MTP
version = 1.1.0
potential_name = MTP1m
scaling = 2.371277573144440e-02
species_count = 1
potential_tag = 
radial_basis_type = RBChebyshev
	min_dist = 1.500000000000000e+00
	max_dist = 5.000000000000000e+00
	radial_basis_size = 8
	radial_funcs_count = 2
	radial_coeffs
		0-0
			{-2.240660057275728e-01, 7.724760369771963e-02, -6.326722426902698e-01, 1.989133796935706e-01, -6.214016769548218e-01, 1.597042843015558e-01, -2.919662643738999e-01, 8.424209535268347e-02}
			{-1.856841459497291e-01, 8.457087499736218e-01, -4.098434444724041e-02, 3.789781964530592e-01, 2.559888482190316e-01, 5.474296904044983e-02, 1.863932800816386e-01, -4.152564933782656e-02}
alpha_moments_count = 18
alpha_index_basic_count = 11
alpha_index_basic = {{0, 0, 0, 0}, {0, 1, 0, 0}, {0, 0, 1, 0}, {0, 0, 0, 1}, {0, 2, 0, 0}, {0, 1, 1, 0}, {0, 1, 0, 1}, {0, 0, 2, 0}, {0, 0, 1, 1}, {0, 0, 0, 2}, {1, 0, 0, 0}}
alpha_index_times_count = 14
alpha_index_times = {{0, 0, 1, 11}, {1, 1, 1, 12}, {2, 2, 1, 12}, {3, 3, 1, 12}, {4, 4, 1, 13}, {5, 5, 2, 13}, {6, 6, 2, 13}, {7, 7, 1, 13}, {8, 8, 2, 13}, {9, 9, 1, 13}, {0, 10, 1, 14}, {0, 11, 1, 15}, {0, 12, 1, 16}, {0, 15, 1, 17}}
alpha_scalar_moments = 9
alpha_moment_mapping = {0, 10, 11, 12, 13, 14, 15, 16, 17}
species_coeffs = {-1.381732493093296e+01}
moment_coeffs = {-6.297287250318023e+01, -9.208037216406247e+01, -2.992625089360215e+03, -3.579950399743361e+02, -4.641030315747556e+02, -2.855557443004322e+03, 5.795816981961039e+03, -1.230143877086566e+04, 6.125758050556299e+03}