MTP
version = 1.1.0
potential_name = MTP1m
scaling = 2.216288001413843e-03
species_count = 1
potential_tag = 
radial_basis_type = RBChebyshev
	min_dist = 2.000000000000000e+00
	max_dist = 5.000000000000000e+00
	radial_basis_size = 8
	radial_funcs_count = 2
	radial_coeffs
		0-0
			{-3.586151945180918e-01, -6.692357623252478e-01, -4.895892053374347e-01, -3.368279612251660e-01, -2.226963449792191e-01, -1.239073795313863e-01, -7.002897334546100e-02, -2.274230776318182e-02}
			{5.958760052872839e-01, 3.266645402439948e-01, -5.083111058981582e-01, -2.041913293651482e-01, -3.960226259200483e-01, -2.656280810281040e-01, 6.600058670438681e-02, 7.999693235447687e-02}
alpha_moments_count = 18
alpha_index_basic_count = 11
alpha_index_basic = {{0, 0, 0, 0}, {0, 1, 0, 0}, {0, 0, 1, 0}, {0, 0, 0, 1}, {0, 2, 0, 0}, {0, 1, 1, 0}, {0, 1, 0, 1}, {0, 0, 2, 0}, {0, 0, 1, 1}, {0, 0, 0, 2}, {1, 0, 0, 0}}
alpha_index_times_count = 14
alpha_index_times = {{0, 0, 1, 11}, {1, 1, 1, 12}, {2, 2, 1, 12}, {3, 3, 1, 12}, {4, 4, 1, 13}, {5, 5, 2, 13}, {6, 6, 2, 13}, {7, 7, 1, 13}, {8, 8, 2, 13}, {9, 9, 1, 13}, {0, 10, 1, 14}, {0, 11, 1, 15}, {0, 12, 1, 16}, {0, 15, 1, 17}}
alpha_scalar_moments = 9
alpha_moment_mapping = {0, 10, 11, 12, 13, 14, 15, 16, 17}
species_coeffs = {-1.326328754826744e+01}
moment_coeffs = {1.128751725370911e+03, 2.843515192113835e+01, 2.368358361196343e+05, -2.016063674757929e-27, 7.894490701614419e+04, -3.827716594978777e+02, 8.179972806465555e+02, 1.071043682161547e-29, -4.629751728080765e+00}