MTP
version = 1.1.0
potential_name = MTP1m
scaling = 1.776561411788304e-01
species_count = 1
potential_tag = 
radial_basis_type = RBChebyshev
	min_dist = 2.000000000000000e+00
	max_dist = 5.000000000000000e+00
	radial_basis_size = 8
	radial_funcs_count = 2
	radial_coeffs
		0-0
			{3.567195893431901e-01, 7.581880222533516e-01, 3.989979808661693e-01, -4.512862229187586e-02, -2.745267333209794e-01, -2.298280167882925e-01, -9.099184147922933e-02, -1.416741262987764e-02}
			{1.876018604970272e-02, 2.792803429695109e-01, 2.167597188924269e-01, 5.367244440199354e-01, 6.304344232283399e-01, 4.082396457266972e-01, 1.483720995673266e-01, 2.170690772668649e-02}
alpha_moments_count = 18
alpha_index_basic_count = 11
alpha_index_basic = {{0, 0, 0, 0}, {0, 1, 0, 0}, {0, 0, 1, 0}, {0, 0, 0, 1}, {0, 2, 0, 0}, {0, 1, 1, 0}, {0, 1, 0, 1}, {0, 0, 2, 0}, {0, 0, 1, 1}, {0, 0, 0, 2}, {1, 0, 0, 0}}
alpha_index_times_count = 14
alpha_index_times = {{0, 0, 1, 11}, {1, 1, 1, 12}, {2, 2, 1, 12}, {3, 3, 1, 12}, {4, 4, 1, 13}, {5, 5, 2, 13}, {6, 6, 2, 13}, {7, 7, 1, 13}, {8, 8, 2, 13}, {9, 9, 1, 13}, {0, 10, 1, 14}, {0, 11, 1, 15}, {0, 12, 1, 16}, {0, 15, 1, 17}}
alpha_scalar_moments = 9
alpha_moment_mapping = {0, 10, 11, 12, 13, 14, 15, 16, 17}
species_coeffs = {-1.351063363887342e+01}
moment_coeffs = {-1.581057816813707e+00, -1.128976681978596e+00, -4.943108195671853e-01, -3.374472049656104e+00, -4.688398008509080e+00, 4.823293216584665e-01, -1.027875861227498e+00, 1.386820130716481e+01, 9.844980472397189e+00}