MTP
version = 1.1.0
potential_name = MTP1m
scaling = 1.938066994678150e-01
species_count = 1
potential_tag = 
radial_basis_type = RBChebyshev
	min_dist = 2.000000000000000e+00
	max_dist = 5.000000000000000e+00
	radial_basis_size = 8
	radial_funcs_count = 2
	radial_coeffs
		0-0
			{-4.158687314176643e-01, -6.904265059307284e-01, -4.849579093625266e-01, -2.906977151056263e-01, -1.563030061238131e-01, -6.804839551354105e-02, -3.785981779247783e-02, -1.343585716864777e-02}
			{-6.574840700864456e-01, 6.283208875200750e-01, -5.078846301923554e-02, -3.915732677492855e-01, -1.016140148184154e-01, -7.958259746669458e-02, -1.101895830052657e-02, -1.543540824681141e-02}
alpha_moments_count = 18
alpha_index_basic_count = 11
alpha_index_basic = {{0, 0, 0, 0}, {0, 1, 0, 0}, {0, 0, 1, 0}, {0, 0, 0, 1}, {0, 2, 0, 0}, {0, 1, 1, 0}, {0, 1, 0, 1}, {0, 0, 2, 0}, {0, 0, 1, 1}, {0, 0, 0, 2}, {1, 0, 0, 0}}
alpha_index_times_count = 14
alpha_index_times = {{0, 0, 1, 11}, {1, 1, 1, 12}, {2, 2, 1, 12}, {3, 3, 1, 12}, {4, 4, 1, 13}, {5, 5, 2, 13}, {6, 6, 2, 13}, {7, 7, 1, 13}, {8, 8, 2, 13}, {9, 9, 1, 13}, {0, 10, 1, 14}, {0, 11, 1, 15}, {0, 12, 1, 16}, {0, 15, 1, 17}}
alpha_scalar_moments = 9
alpha_moment_mapping = {0, 10, 11, 12, 13, 14, 15, 16, 17}
species_coeffs = {-1.388829631513310e+01}
moment_coeffs = {6.790136412055386e-01, -2.437524186079089e-01, -1.802191025753596e+01, 1.005138233648833e+01, 5.205832801586246e+01, -1.928009158106539e-01, -1.191341026126563e+01, 2.004598153216910e+00, -1.217873030785287e+01}