MTP
version = 1.1.0
potential_name = MTP1m
scaling = 8.735496675330095e-03
species_count = 1
potential_tag = 
radial_basis_type = RBChebyshev
	min_dist = 2.000000000000000e+00
	max_dist = 5.000000000000000e+00
	radial_basis_size = 8
	radial_funcs_count = 2
	radial_coeffs
		0-0
			{-5.278713990901036e-01, -3.734826163812009e-01, -3.881855254774543e-01, -5.142893556059515e-01, -3.294477890428652e-01, -2.117896774818445e-01, -1.103590884532556e-01, -3.333369776349406e-02}
			{3.037250416145732e-01, -8.319561944269451e-01, -2.415448087606872e-01, 2.193010638671233e-01, 2.164859808681801e-01, 2.115316322044843e-01, 1.246657065006564e-01, 4.483065787508291e-02}
alpha_moments_count = 18
alpha_index_basic_count = 11
alpha_index_basic = {{0, 0, 0, 0}, {0, 1, 0, 0}, {0, 0, 1, 0}, {0, 0, 0, 1}, {0, 2, 0, 0}, {0, 1, 1, 0}, {0, 1, 0, 1}, {0, 0, 2, 0}, {0, 0, 1, 1}, {0, 0, 0, 2}, {1, 0, 0, 0}}
alpha_index_times_count = 14
alpha_index_times = {{0, 0, 1, 11}, {1, 1, 1, 12}, {2, 2, 1, 12}, {3, 3, 1, 12}, {4, 4, 1, 13}, {5, 5, 2, 13}, {6, 6, 2, 13}, {7, 7, 1, 13}, {8, 8, 2, 13}, {9, 9, 1, 13}, {0, 10, 1, 14}, {0, 11, 1, 15}, {0, 12, 1, 16}, {0, 15, 1, 17}}
alpha_scalar_moments = 9
alpha_moment_mapping = {0, 10, 11, 12, 13, 14, 15, 16, 17}
species_coeffs = {-1.375114908978071e+01}
moment_coeffs = {3.347804254876881e+01, 2.119331738275211e+01, 3.372802438179436e+02, -1.839735664461405e+01, -3.256390098404792e+00, 1.583298253952580e+02, 1.558229805357339e+02, -1.502622580014891e+02, 3.610001893935948e+02}