MTP
version = 1.1.0
potential_name = MTP1m
scaling = 6.617800511613712e-03
species_count = 1
potential_tag = 
radial_basis_type = RBChebyshev
	min_dist = 2.000000000000000e+00
	max_dist = 5.000000000000000e+00
	radial_basis_size = 8
	radial_funcs_count = 2
	radial_coeffs
		0-0
			{1.454948691062090e-01, 1.704916261936850e-01, 9.301087424840550e-01, -3.974340619411249e-02, 2.051029788625270e-01, 1.739401898262115e-01, 1.023423840106799e-01, 1.690122304360043e-02}
			{-2.121936539453889e-01, -6.375552755243186e-01, 2.039010299159044e-01, -6.495736092163439e-01, -2.704985355817985e-01, -1.072960775595494e-01, -1.713780216514129e-02, 9.492463853716210e-05}
alpha_moments_count = 18
alpha_index_basic_count = 11
alpha_index_basic = {{0, 0, 0, 0}, {0, 1, 0, 0}, {0, 0, 1, 0}, {0, 0, 0, 1}, {0, 2, 0, 0}, {0, 1, 1, 0}, {0, 1, 0, 1}, {0, 0, 2, 0}, {0, 0, 1, 1}, {0, 0, 0, 2}, {1, 0, 0, 0}}
alpha_index_times_count = 14
alpha_index_times = {{0, 0, 1, 11}, {1, 1, 1, 12}, {2, 2, 1, 12}, {3, 3, 1, 12}, {4, 4, 1, 13}, {5, 5, 2, 13}, {6, 6, 2, 13}, {7, 7, 1, 13}, {8, 8, 2, 13}, {9, 9, 1, 13}, {0, 10, 1, 14}, {0, 11, 1, 15}, {0, 12, 1, 16}, {0, 15, 1, 17}}
alpha_scalar_moments = 9
alpha_moment_mapping = {0, 10, 11, 12, 13, 14, 15, 16, 17}
species_coeffs = {-1.417980922319236e+01}
moment_coeffs = {-8.613967083280163e+01, 8.252816013885791e+01, -1.568694571503537e+02, 2.858055716698324e+01, 5.635621105652959e+01, 1.780797556973612e+02, 8.552779901673243e+01, -8.543125196131959e+01, 8.556714043532762e-01}